9 18
9 19
9 20
10 21
11 22
16 23
16 24
16 25
39 26
70 27
112 28
120 29
139 30
174 31
221 32
227 33
279 34
289 35
305 36
311 37
319 38
323 39
337 40
344 41
353 42
362 43
370 44
376 45
399 46
412 47
422 48
429 49
436 50
439 51
449 52
456 53
467 54
481 55
489 56
497 57
513 58
515 59
519 60
525 61
533 62
533 63
533 64
533 65
538 66
548 67
549 68
550 69
550 70
551 71
552 72
552 73
552 74
553 75
557 76
557 77
557 78
558 79
558 80
558 81
558 82
560 83
560 84
560 85
562 86
562 87
562 88
562 89
563 90
563 91
564 92
564 93
565 94
565 95
565 96
565 97
565 98
565 99
565 100
565 101
565 102
565 103
565 104
565 105
565 106
565 107
565 108 
565 109
565 110
565 111
565 112
565 113
566 114
566 115
470 116
470 117
472 118
472 119
472 120
472 121
473 122
473 123
473 124
473 125
474 126
474 127
474 128
474 129
474 130
474 131
474 132
474 133
474 134
474 135
474 136
474 137
474 138
474 139
474 140
474 141
474 142
474 143
474 144
474 145
474 146
475 147
475 148
475 149
475 150
480 151
481 152
483 153
483 154
487 155
491 156
493 157
494 158
495 159
495 160
495 161
496 162
501 163
507 164
510 165
511 166
511 167
512 168